100 1.1612e+01 4.47 
125 5.0905e+00 4.90 
150 2.6123e+00 5.29 
175 1.4824e+00 5.62 
200 9.0257e-01 5.95 
225 5.7956e-01 6.22 
250 3.8753e-01 6.53 
275 2.6779e-01 6.83 
300 1.9016e-01 7.07 
325 1.3809e-01 7.37 
350 1.0220e-01 7.59 
375 7.6834e-02 7.84 
400 5.8631e-02 8.06 
425 4.5219e-02 8.22 
450 3.5314e-02 8.42 
475 2.7834e-02 8.67 
500 2.2127e-02 8.81 
525 1.7739e-02 9.01 
550 1.4313e-02 9.25 
575 1.1627e-02 9.43 
600 9.4991e-03 9.60 
625 7.8008e-03 9.86 
650 6.4324e-03 9.93 
675 5.3364e-03 10.15 
700 4.4387e-03 10.30 
725 3.7067e-03 10.41 
750 3.1086e-03 10.63 
775 2.6166e-03 10.82 
800 2.2120e-03 11.08 
825 1.8614e-03 10.84 
850 1.5836e-03 11.23 
875 1.3470e-03 11.14 
900 1.1530e-03 11.78 
925 9.8141e-04 11.67 
950 8.4278e-04 12.11 
975 7.1343e-04 10.93 
1000 6.2187e-04 12.40 
1025 5.3556e-04 12.47 
1050 4.5872e-04 12.41 
1075 3.9879e-04 12.69 
1100 3.4263e-04 12.48 
1125 3.0112e-04 13.77 
1150 2.6241e-04 14.23 
1175 2.2472e-04 13.41 
1200 1.9604e-04 13.47 
1225 1.6811e-04 12.78 
1250 1.4822e-04 13.38 
1275 1.2868e-04 13.48 
1300 1.1564e-04 16.22 
1325 9.8714e-05 14.48 
1350 8.8165e-05 15.36 
1375 7.7899e-05 16.91 
1400 6.8667e-05 16.67 
1425 5.9200e-05 15.99 
1450 5.0526e-05 14.01 
1475 4.7870e-05 20.53 
1500 3.9623e-05 15.83 
1525 3.4856e-05 16.06 
1550 3.0717e-05 16.14 
1575 2.7111e-05 16.05 
1600 2.3908e-05 16.52 
1625 2.0995e-05 17.27 
1650 1.8641e-05 17.40 
1675 1.6470e-05 17.34 
1700 1.4499e-05 17.23 
1725 1.2816e-05 17.36 
1750 1.1354e-05 17.50 
1775 1.0003e-05 17.86 
1800 8.8942e-06 17.45 
1825 7.8816e-06 17.71 
1850 6.9551e-06 17.93 
1875 6.1471e-06 18.61 
1900 5.4347e-06 18.93 
1925 4.8599e-06 19.02 
1950 4.3201e-06 20.76 
1975 3.7136e-06 22.93 
2000 3.2306e-06 25.20 
