100 2.2670e+01 4.30 
125 1.0035e+01 4.56 
150 5.1809e+00 4.89 
175 2.9533e+00 5.23 
200 1.8074e+00 5.61 
225 1.1651e+00 5.91 
250 7.8249e-01 6.23 
275 5.4303e-01 6.52 
300 3.8694e-01 6.81 
325 2.8191e-01 7.10 
350 2.0944e-01 7.38 
375 1.5806e-01 7.65 
400 1.2101e-01 7.95 
425 9.3771e-02 8.25 
450 7.3436e-02 8.50 
475 5.8081e-02 8.69 
500 4.6353e-02 8.98 
525 3.7264e-02 9.31 
550 3.0166e-02 9.55 
575 2.4580e-02 9.77 
600 2.0137e-02 10.15 
625 1.6571e-02 10.27 
650 1.3730e-02 10.45 
675 1.1398e-02 10.70 
700 9.5103e-03 10.95 
725 7.9595e-03 11.12 
750 6.6936e-03 11.50 
775 5.6356e-03 11.61 
800 4.7584e-03 11.85 
825 4.0265e-03 11.88 
850 3.4203e-03 12.06 
875 2.9055e-03 12.61 
900 2.4967e-03 12.58 
925 2.1291e-03 12.59 
950 1.8164e-03 13.36 
975 1.5689e-03 13.87 
1000 1.3435e-03 13.07 
1025 1.1595e-03 13.43 
1050 9.9790e-04 13.34 
1075 8.6504e-04 13.60 
1100 7.4037e-04 14.48 
1125 6.4729e-04 14.17 
1150 5.5559e-04 14.91 
1175 4.8686e-04 13.24 
1200 4.1585e-04 13.93 
1225 3.6246e-04 15.50 
1250 3.1697e-04 14.67 
1275 2.7652e-04 15.56 
1300 2.4074e-04 14.10 
1325 2.0999e-04 13.73 
1350 1.8560e-04 16.69 
1375 1.6134e-04 14.32 
1400 1.3107e-04 14.41 
1425 1.2105e-04 15.21 
1450 1.1089e-04 15.65 
1475 9.0687e-05 16.92 
1500 7.9559e-05 16.35 
1525 6.9461e-05 16.77 
1550 6.1039e-05 17.51 
1575 5.3145e-05 19.00 
1600 4.6880e-05 20.14 
1625 4.1367e-05 21.04 
1650 3.5938e-05 21.74 
1675 3.1334e-05 23.12 
1700 2.7177e-05 25.11 
1725 2.3999e-05 23.97 
1750 2.0977e-05 24.83 
1775 1.8355e-05 25.85 
1800 1.6110e-05 27.11 
1825 1.3922e-05 28.20 
1850 1.2054e-05 31.21 
1875 1.0466e-05 33.22 
1900 9.3729e-06 31.86 
1925 8.1484e-06 33.28 
1950 7.1373e-06 34.24 
1975 6.2200e-06 35.95 
2000 5.4478e-06 38.03 
